0	0	0.8428657054901123
0	1	0.656767725944519
0	10	0.6909831762313843
0	11	0.652595043182373
0	12	0.6767962574958801
0	13	0.5791572332382202
0	14	0.5649704337120056
0	15	1.0706899166107178
0	16	0.8912680149078369
0	17	0.7001627683639526
0	18	0.6133726239204407
0	19	0.6792996525764465
0	2	0.7135151624679565
0	3	0.9121308326721191
0	4	0.8011397123336792
0	5	0.7944635152816772
0	6	0.514064610004425
0	7	0.6734580397605896
0	8	0.5766537189483643
0	9	0.7393850684165955
1	0	0.8094849586486816
1	1	0.9087929129600525
1	10	0.6484225988388062
1	11	0.6325665712356567
1	12	0.6058619022369385
1	13	0.6509259939193726
1	14	0.6634438037872314
1	15	0.7310399413108826
1	16	0.7168532609939575
1	17	0.7702625393867493
1	18	0.6809688806533813
1	19	0.7594135999679565
1	2	0.7836146950721741
1	3	0.6767962574958801
1	4	0.574984610080719
1	5	0.6642783284187317
1	6	0.6250559091567993
1	7	0.7009972929954529
1	8	0.57832270860672
1	9	0.6634439826011658
10	0	0.655933141708374
10	1	0.7343781590461731
10	10	0.9638713002204895
10	11	0.7852839827537537
10	12	0.6150416135787964
10	13	0.4439649283885956
10	14	0.7811111211776733
10	15	0.6258904933929443
10	16	0.5032158493995667
10	17	0.48485642671585083
10	18	0.5507835149765015
10	19	0.47317320108413696
10	2	0.5858334302902222
10	3	0.5883370041847229
10	4	0.6626092791557312
10	5	0.6667818427085876
10	6	0.601689338684082
10	7	0.7936289310455322
10	8	0.7210257649421692
10	9	0.6576021313667297
11	0	0.907958447933197
11	1	0.8336860537528992
11	10	0.8820882439613342
11	11	1.0139425992965698
11	12	0.8220027685165405
11	13	0.6993281841278076
11	14	0.6959900856018066
11	15	0.6609402894973755
11	16	0.6617746949195862
11	17	0.8320168852806091
11	18	0.6959900856018066
11	19	0.5783227682113647
11	2	0.7043352127075195
11	3	0.9788925647735596
11	4	0.6292285323143005
11	5	0.5507835745811462
11	6	0.8153266906738281
11	7	0.8411968946456909
11	8	0.6359046697616577
11	9	1.0289638042449951
12	0	0.7510685920715332
12	1	0.48068374395370483
12	10	0.7460615038871765
12	11	0.6025237441062927
12	12	0.9605332016944885
12	13	0.5274169445037842
12	14	0.7811111807823181
12	15	0.5332585573196411
12	16	0.5299204587936401
12	17	0.6926521062850952
12	18	0.7218603491783142
12	19	0.6968246698379517
12	2	0.7218603491783142
12	3	0.6459189057350159
12	4	0.4339506924152374
12	5	0.5658048987388611
12	6	0.7527375221252441
12	7	0.6934866905212402
12	8	0.8194991946220398
12	9	0.6350701451301575
13	0	0.8562180399894714
13	1	0.8119884729385376
13	10	0.8228372931480408
13	11	0.9530225992202759
13	12	0.8537145256996155
13	13	1.0014245510101318
13	14	1.036474585533142
13	15	0.8078158497810364
13	16	0.8804191946983337
13	17	0.8503763675689697
13	18	0.8228372931480408
13	19	0.8303479552268982
13	2	0.7694279551506042
13	3	0.6467534899711609
13	4	0.7201912999153137
13	5	0.8445347547531128
13	6	0.6901484131813049
13	7	0.9813961386680603
13	8	0.804477870464325
13	9	0.8220027089118958
14	0	0.7544066309928894
14	1	0.7677589058876038
14	10	0.7978017330169678
14	11	0.986403226852417
14	12	0.6984938383102417
14	13	0.579157292842865
14	14	1.15831458568573
14	15	0.8220029473304749
14	16	1.0089353322982788
14	17	0.7218601703643799
14	18	0.8603907823562622
14	19	0.7410542368888855
14	2	0.7318745851516724
14	3	0.8762467503547668
14	4	0.7769386768341064
14	5	0.8912679553031921
14	6	0.6525949835777283
14	7	0.9054548144340515
14	8	0.7277019023895264
14	9	0.7477304339408875
15	0	0.6400773525238037
15	1	0.6901485323905945
15	10	0.7118459939956665
15	11	0.6576021909713745
15	12	0.4389578402042389
15	13	0.5674740076065063
15	14	0.41559121012687683
15	15	1.0723588466644287
15	16	0.6400773525238037
15	17	0.5057194232940674
15	18	0.6726235747337341
15	19	0.7819458246231079
15	2	0.7610827088356018
15	3	0.5716465711593628
15	4	0.8178302049636841
15	5	0.5774881839752197
15	6	0.5466110110282898
15	7	0.6617748141288757
15	8	0.6684509515762329
15	9	0.7627518177032471
16	0	0.6968247294425964
16	1	0.6884794235229492
16	10	0.7260328531265259
16	11	0.8019741773605347
16	12	0.7427232265472412
16	13	0.8804191946983337
16	14	0.6801342368125916
16	15	0.7009972929954529
16	16	1.1474658250808716
16	17	0.6826378107070923
16	18	0.6434153318405151
16	19	0.905454695224762
16	2	0.835355281829834
16	3	0.6108689904212952
16	4	0.582495391368866
16	5	0.6233868598937988
16	6	0.7911255955696106
16	7	0.8804192543029785
16	8	0.6534295678138733
16	9	0.5307551026344299
17	0	0.7869530320167542
17	1	0.5249134302139282
17	10	0.6058619618415833
17	11	0.6233868598937988
17	12	0.7777731418609619
17	13	0.6100344657897949
17	14	0.44563397765159607
17	15	0.7126806378364563
17	16	0.5391002297401428
17	17	0.9955829977989197
17	18	0.7318746447563171
17	19	0.6150417327880859
17	2	0.6767961382865906
17	3	0.5958476662635803
17	4	0.688479483127594
17	5	0.546610951423645
17	6	0.6275595426559448
17	7	0.4765112102031708
17	8	0.5691429972648621
17	9	0.5115611553192139
18	0	0.5891715288162231
18	1	0.8545490503311157
18	10	0.6676164865493774
18	11	0.7210257053375244
18	12	0.8245063424110413
18	13	0.48318737745285034
18	14	0.5482800006866455
18	15	0.6417462229728699
18	16	0.6384083032608032
18	17	0.553287148475647
18	18	0.6275594830513
18	19	0.6050273776054382
18	2	0.6158760786056519
18	3	0.8386931419372559
18	4	0.5866679549217224
18	5	0.6083654761314392
18	6	0.7427232265472412
18	7	0.8512109518051147
18	8	0.7902910113334656
18	9	0.8353551030158997
19	0	0.882088303565979
19	1	0.8370242118835449
19	10	0.82033371925354
19	11	0.5916751027107239
19	12	0.7927944660186768
19	13	0.9655402302742004
19	14	0.5607978105545044
19	15	0.9480153322219849
19	16	0.6751270294189453
19	17	0.600854754447937
19	18	0.6759616136550903
19	19	1.0798695087432861
19	2	0.7327090501785278
19	3	0.8779156804084778
19	4	1.0172808170318604
19	5	0.6993282437324524
19	6	0.8103193640708923
19	7	0.6292285323143005
19	8	0.7218604683876038
19	9	1.082373023033142
2	0	0.8353552222251892
2	1	0.8320169448852539
2	10	0.7894564867019653
2	11	0.6334011554718018
2	12	0.7243639826774597
2	13	0.8261753916740417
2	14	0.7544066309928894
2	15	0.7685934901237488
2	16	0.688479483127594
2	17	0.8420313596725464
2	18	0.8745775818824768
2	19	0.7927945256233215
2	2	1.2334214448928833
2	3	0.670120120048523
2	4	0.5157336592674255
2	5	0.721860408782959
2	6	0.6242214441299438
2	7	0.6567676663398743
2	8	0.685975968837738
2	9	1.0072664022445679
3	0	0.8845918774604797
3	1	0.8729085922241211
3	10	0.7035008668899536
3	11	0.9488498568534851
3	12	0.6033584475517273
3	13	0.623386800289154
3	14	0.5607977509498596
3	15	0.6601056456565857
3	16	0.5324241518974304
3	17	0.7218602895736694
3	18	0.854548990726471
3	19	0.7610827684402466
3	2	0.7961327433586121
3	3	0.7477303147315979
3	4	0.744392454624176
3	5	0.7836147546768188
3	6	0.902951180934906
3	7	0.5799916982650757
3	8	0.8103194832801819
3	9	0.7560756206512451
4	0	0.5824953317642212
4	1	0.6993281841278076
4	10	0.6334012150764465
4	11	0.7485649585723877
4	12	0.5841643810272217
4	13	0.5866678953170776
4	14	0.6984937191009521
4	15	0.5299205780029297
4	16	0.6000203490257263
4	17	0.47317320108413696
4	18	0.6025238633155823
4	19	0.6492570042610168
4	2	0.8361895084381104
4	3	0.767758846282959
4	4	0.8445347547531128
4	5	0.6208832859992981
4	6	0.4898635447025299
4	7	0.9046202301979065
4	8	0.6617748141288757
4	9	0.7343780994415283
5	0	0.794463574886322
5	1	0.9505189657211304
5	10	0.5933441519737244
5	11	0.829513430595398
5	12	0.871239423751831
5	13	0.9605332612991333
5	14	0.9413391947746277
5	15	0.6576022505760193
5	16	0.6809688210487366
5	17	0.9313248991966248
5	18	0.9104619026184082
5	19	0.9146345257759094
5	2	0.928821325302124
5	3	0.8762466311454773
5	4	0.850376546382904
5	5	1.4028294086456299
5	6	0.6317320466041565
5	7	0.7560756802558899
5	8	0.9296559691429138
5	9	0.7577446699142456
6	0	0.7794421315193176
6	1	0.8787499070167542
6	10	0.7410542368888855
6	11	0.6968246102333069
6	12	0.6108689904212952
6	13	0.44313040375709534
6	14	0.5023813247680664
6	15	0.4339506924152374
6	16	0.7318745255470276
6	17	0.5607978105545044
6	18	0.4464684724807739
6	19	0.5082229971885681
6	2	0.6183797717094421
6	3	0.7151842713356018
6	4	0.46900057792663574
6	5	0.5574596524238586
6	6	0.8428657650947571
6	7	0.6909830570220947
6	8	0.41225311160087585
6	9	0.5599632263183594
7	0	0.7302053570747375
7	1	0.6492569446563721
7	10	0.6342356204986572
7	11	0.6684508919715881
7	12	0.5374311804771423
7	13	0.5457763671875
7	14	0.6008548736572266
7	15	0.6534295678138733
7	16	0.5649703145027161
7	17	0.5866678953170776
7	18	0.8253408670425415
7	19	0.8954405188560486
7	2	0.5199062824249268
7	3	0.7001626491546631
7	4	0.7302055358886719
7	5	0.7302056550979614
7	6	0.4990432858467102
7	7	1.100732684135437
7	8	0.6325666308403015
7	9	0.6676164865493774
8	0	0.632566511631012
8	1	0.7535721659660339
8	10	0.6976591944694519
8	11	0.7293710708618164
8	12	0.6826378107070923
8	13	0.7861183881759644
8	14	0.5574597120285034
8	15	0.8144921660423279
8	16	0.6200488209724426
8	17	0.7068389654159546
8	18	0.5215753316879272
8	19	0.882922887802124
8	2	0.8962751626968384
8	3	0.7377162575721741
8	4	0.6742926239967346
8	5	0.7285364866256714
8	6	0.7427233457565308
8	7	0.7368816137313843
8	8	0.7819458246231079
8	9	0.7143495082855225
9	0	0.6893139481544495
9	1	0.5399348139762878
9	10	0.7619172930717468
9	11	0.8345206379890442
9	12	0.8019742369651794
9	13	0.7786076664924622
9	14	0.7302055358886719
9	15	0.7694278955459595
9	16	0.7427234649658203
9	17	0.8545491695404053
9	18	0.9889069199562073
9	19	0.7594135403633118
9	2	0.5441073775291443
9	3	0.7527374625205994
9	4	0.632566511631012
9	5	0.7085080146789551
9	6	0.6459189057350159
9	7	0.8779158592224121
9	8	0.8587216138839722
9	9	1.1040706634521484
